  0.97605588471790261       -1.8589891796709781E-003   9.2762291865980336E-005  -6.7837070648284856E-006   4.5039384436285289E-007
  -31.390226230103409        2.8652005562433742      -0.16548268454786688        4.1824602940969229E-002  -2.4091225085417440E-003
  -14.609139036036748        17.960743014764635       -1.8629748510256645        4.2900820784402542E-002   1.0592210495161828E-003
  -67.595449192850140        28.720880826076126       -2.2049734854937233      -0.11967595713821572        1.0153272447981117E-002
   6.4097595827690634       -4.7684612003801181       0.84051858734689688       -4.4104564996352180E-002   5.0016449164976993E-004
   1.0008437228724090       -7.7151877271296188E-003   6.0969173180885634E-004  -2.2784211881196779E-005   3.1219123662531300E-007
  -238.71499376649737        17.862080045011115      -0.47836947456508627        1.6677358908389835E-002  -4.1609209741485566E-004
   261.45245529784933       -19.844060465858519        1.4417529736508565       -5.3393574987027272E-002   6.3017807602595767E-004
   107.61315829169675        12.586592209196573       -2.4772538938568180        2.6949082101722161E-002   1.4348656275494295E-003
   10.888490521562055       -8.4370171431026240       0.72448641881560949       -2.3343168560880308E-002   2.5868853975689660E-004
   1.0072703545636488       -9.1416682535893530E-003   4.7072027587077869E-004  -9.3869623576238116E-006   6.6692308538283064E-008
  -6.5772916686391580        11.452463376084436      -0.71461398159406786        1.4293243613289588E-002  -8.8188854492213820E-005
   90.445238340610146       -26.997092457803419        2.0057659065853461       -5.1736069585144741E-002   4.3294544142695739E-004
   20.424813355734720       -4.8498133613450998        5.6924239786130877E-002   4.0155106726896999E-003  -6.7958037864115166E-005
   20.355114286032297       -9.7271937972816271       0.74662650361917149       -1.9311430243723220E-002   1.4582819776526177E-004
   1.6404639359013065        1.8523277672239939E-002  -2.2952246164548900E-004  -2.5458849666075178E-005   3.5148151267341592E-007
  -358.19564007590230        15.064304295085527      -0.55004572826229881        1.2742567504278365E-002  -9.8875029157941216E-005
  -232.26107454305296       -16.668952315732479        2.0618153245481854       -5.2972874333272975E-002   4.0583983186383212E-004
  -100.06739782512706        7.2094192540669235      -0.41446406282173232        1.0712864292516092E-002  -9.0182974091698062E-005
  -804.37423135766835        8.4316964219334150       0.75076577184828586       -2.3177377385642402E-002   1.9891916329346814E-004
